0.029248790815472603
0.05352014675736427
-0.002411402529105544
-0.028914518654346466
-0.0846281573176384
0.2279500514268875
0.09301114082336426
0.25977811217308044
-0.08252764493227005
-0.033060505986213684
-0.09058772772550583
0.057984523475170135
0.0659182146191597
0.2818267345428467
0.17022277414798737
0.152754008769989
0.0948275476694107
0.056028276681900024
-0.11592506617307663
0.19446301460266113
-0.16397523880004883
-0.02964695356786251
0.0017114733345806599
0.26614174246788025
-0.027916869148612022
-0.13995222747325897
0.05134598910808563
-0.04459817707538605
0.24173201620578766
-0.06006148084998131
0.18348164856433868
0.10138994455337524