-0.0003618062473833561
0.12625986337661743
-0.01751943863928318
-0.06818073242902756
-0.11360298097133636
0.21456068754196167
0.22279256582260132
-0.052014224231243134
-0.039023421704769135
0.12206223607063293
-0.050218936055898666
0.040842119604349136
0.15841634571552277
0.049168117344379425
0.06351307034492493
0.06088604778051376
0.0027351027820259333
-0.02117263153195381
0.011488081887364388
-0.019725700840353966
0.04943199083209038
-0.5022268891334534
0.07953767478466034
0.04802762717008591
-0.06305437535047531
0.05462136119604111
0.10243365913629532
0.08074074238538742
0.0681878998875618
-0.12439458817243576
-0.08558713644742966
0.11762065440416336