-0.08580706268548965
0.10045962780714035
0.12266051024198532
-0.21939125657081604
-0.18347816169261932
0.04123314842581749
0.13884948194026947
0.0418153740465641
-0.0811728909611702
0.052636146545410156
0.13331036269664764
-0.004705467261373997
-0.11298929899930954
-0.07908201962709427
0.025875775143504143
0.1886214017868042
0.07601355761289597
0.03886576369404793
0.09316051751375198
-0.30399397015571594
0.21103593707084656
0.05831751972436905
-0.16083677113056183
0.13262082636356354
-0.09260840713977814
-0.07718286663293839
-0.04025854542851448
-0.33206498622894287
0.022404607385396957
0.16945941746234894
0.033629611134529114
0.2293444722890854